sw2005B-ms98-a-0001 0.000000 10.442500 0
sw2005B-ms98-a-0002 10.442500 21.679000 0.0 0.2 0.2 0.1 0.0 0.0 0.1 0.0 0.1 0.1 0.0 0.5 0.2 0.4 0.1 0.0 0.7 0.3 0.1 0.5 0.0 0.6 0.0 0.0 0.7 0.1 0.1 0.0 0.0 0.2 0.0 0.0 0.3 0.0 0.0 0.2 0.0 0.0 0.0 0.1 0.1 0.4 0.6
sw2005B-ms98-a-0003 21.679000 32.549000 0.3 0.1 0.2 0.0 0.5 0.2 0.0 0.1 0.1 0.6 0.2 0.2 0.0 0.0 0.3 0.0 0.6 0.2 0.8 0.1 0.0 0.9 0.8 0.1 0.4 0.0 0.2 0.7 0.9 0.1 0.0
sw2005B-ms98-a-0004 32.549000 35.494750 0.0 0.8 0.7 0.8 0.6 0.0 0.0
sw2005B-ms98-a-0005 35.494750 38.470250 0.0 0.0 0.2 0.3 0.0 0.4 0.5 0.1 0.1
sw2005B-ms98-a-0006 38.470250 45.258625 0.1 0.1 0.4 0.7 0.3 0.0 0.0 0.5 0.2 0.0 0.6 0.0 0.9 0.8 0.1 0.2 0.3 0.8
sw2005B-ms98-a-0007 45.258625 56.448000 0.1 0.1 0.3 0.2 0.8 0.0 0.0 0.2 0.5 0.1 0.3 0.1 0.4 0.1 0.0 0.3 0.1 0.2 0.3 0.2 0.3 0.2 0.3 0.4 0.0 0.1 0.3 0.0 0.7 0.1 0.0 0.0 0.8 0.3
sw2005B-ms98-a-0008 56.448000 65.946750 0.1 0.8 0.2 0.8 0.0 0.1 0.0 0.0 0.5 0.6 0.7 0.7 0.1 0.5 0.4 0.1 0.7 0.0 0.0 0.9 0.8 0.1 0.0 0.4 0.1 0.1 0.0 0.7 0.0 0.4 0.6 0.8 0.0
sw2005B-ms98-a-0009 65.946750 71.492875 0.1 0.1 0.0 0.1 0.5 0.1 0.0 0.7 0.0 0.0 0.1 0.7 0.2 0.0 0.0 0.0 1.0 1.0 0.0 0.8 0.5 0.1 0.4 0.8 0.4
sw2005B-ms98-a-0010 71.492875 74.498375 0.1 0.1 0.1 0.1 0.7 0.0 0.3 0.7 0.0
sw2005B-ms98-a-0011 74.498375 77.665000 0.6 0.1 0.1 0.7 0.2 0.6 0.1 0.1
sw2005B-ms98-a-0012 77.665000 83.995750 0.9 0.8 0.1 0.1 0.3 0.1 0.5 0.3 0.1 0.3 0.1 0.6 0.0 0.3 0.7 0.2 0.1 0.3 0.3 0.2 0.0 0.8 0.1 0.1 0.9 0.4
sw2005B-ms98-a-0013 83.995750 88.273375 0.2 0.1 0.1 0.0 0.5 0.0 0.5 0.7 0.1 0.0 0.0 0.0 0.4 0.1 0.3 0.1
sw2005B-ms98-a-0014 88.273375 100.422125 0.0 0.0 0.2 0.2 0.3 0.3 0.1 0.3 0.2 0.4 0.0 0.0 0.1 0.7 0.5 0.3 0.0 0.6 0.1 0.0 0.3 0.1 0.6 0.2 0.3 0.0 0.0 0.1 0.7 0.2 0.1 0.3 0.6 0.3 0.1 0.0 0.0 0.6 0.8 0.6 0.8
sw2005B-ms98-a-0015 100.422125 107.512375 0
sw2005B-ms98-a-0016 107.512375 109.484625 0.0
sw2005B-ms98-a-0017 109.484625 117.020000 0
sw2005B-ms98-a-0018 117.020000 118.494375 0.0
sw2005B-ms98-a-0019 118.494375 120.509500 0
sw2005B-ms98-a-0020 120.509500 121.744375 0.1
sw2005B-ms98-a-0021 121.744375 126.952250 0
sw2005B-ms98-a-0022 126.952250 129.223750 0.0 0.0
sw2005B-ms98-a-0023 129.223750 136.489250 0
sw2005B-ms98-a-0024 136.489250 137.999000 0.2
sw2005B-ms98-a-0025 137.999000 140.010250 0
sw2005B-ms98-a-0026 140.010250 140.996000 0.0
sw2005B-ms98-a-0027 140.996000 144.511875 0
sw2005B-ms98-a-0028 144.511875 146.080500 0.2 0.0
sw2005B-ms98-a-0029 146.080500 148.203500 0
sw2005B-ms98-a-0030 148.203500 149.751875 0.0 0.0 0.3 0.7
sw2005B-ms98-a-0031 149.751875 155.269375 0
sw2005B-ms98-a-0032 155.269375 157.505250 0.0 0.2 0.7 0.2 0.1 0.7
sw2005B-ms98-a-0033 157.505250 163.481125 0
sw2005B-ms98-a-0034 163.481125 165.005000 0.0
sw2005B-ms98-a-0035 165.005000 168.287625 0
sw2005B-ms98-a-0036 168.287625 169.280375 0.0
sw2005B-ms98-a-0037 169.280375 172.002750 0
sw2005B-ms98-a-0038 172.002750 172.984125 0.3
sw2005B-ms98-a-0039 172.984125 174.401250 0.1 0.8 0.7 0.3 0.6 0.6
sw2005B-ms98-a-0040 174.401250 183.989750 0
sw2005B-ms98-a-0041 183.989750 185.492750 0.0
sw2005B-ms98-a-0042 185.492750 192.739250 0
sw2005B-ms98-a-0043 192.739250 194.514625 0.3 0.6
sw2005B-ms98-a-0044 194.514625 200.008250 0
sw2005B-ms98-a-0045 200.008250 201.497125 0.2 0.4 0.0
sw2005B-ms98-a-0046 201.497125 203.368750 0
sw2005B-ms98-a-0047 203.368750 205.240250 0.0
sw2005B-ms98-a-0048 205.240250 206.998250 0.2 0.4
sw2005B-ms98-a-0049 206.998250 212.253375 0
sw2005B-ms98-a-0050 212.253375 213.210625 0.0
sw2005B-ms98-a-0051 213.210625 217.001875 0
sw2005B-ms98-a-0052 217.001875 217.998375 0.0
sw2005B-ms98-a-0053 217.998375 219.330250 0.0
sw2005B-ms98-a-0054 219.330250 220.773875 0
sw2005B-ms98-a-0055 220.773875 222.281500 0.1 0.1 0.3 0.6
sw2005B-ms98-a-0056 222.281500 225.518500 0
sw2005B-ms98-a-0057 225.518500 227.003250 0.0
sw2005B-ms98-a-0058 227.003250 234.003750 0
sw2005B-ms98-a-0059 234.003750 235.008750 0.0
sw2005B-ms98-a-0060 235.008750 237.987750 0.6 0.4 0.0 0.1 0.0 0.4 0.1 0.6 0.1
sw2005B-ms98-a-0061 237.987750 243.508250 0.7 0.3 0.1 0.4 0.0 0.4 0.0 0.0 0.0 0.2 0.6 0.9 0.1 0.0 0.5 0.8 0.0 0.0
sw2005B-ms98-a-0062 243.508250 250.113250 0.2 0.0 0.2 0.3 0.6 0.0 0.1 0.6 0.0 0.4 0.1 0.1 0.0 0.6 0 0.1 0.1 0.6 0.2 0.1 0.1 0.2 0.2 0.1 0.8 0.9
sw2005B-ms98-a-0063 250.113250 255.598500 0.2 0.0 0.5 0.1 0.6 0.0 0.0 0.1 0.4 0.0 0.0 0.2 0.1 0.6 0.5 0.2 0.6
sw2005B-ms98-a-0064 255.598500 262.583125 0.3 0.8 0.2 0.1 0.3 0.0 0.7 0.1 0.1 0.0 0.4 0.3 0.1 0.1 0.3 0.4 0.8 0.2 0.1 0.8 0.1 0.2 1.0 0.1 0.7 0.8 0.8
sw2005B-ms98-a-0065 262.583125 271.146250 0.1 0.1 0.4 0.1 0.1 0.1 0.6 0.8 0.1 0.1 0.4 0.1 0.1 0.0 0.8 0.1 0.7 0.1 0.0 0.0 0.1 0.1 0.6 0.1 0.15 0.1 0.6 0.5
sw2005B-ms98-a-0066 271.146250 282.961750 0.1 0.9 0.8 0.7 0.2 0.6 0.1 0.1 0.0 0.0 0.3 0.1 0.1 0.6 0.2 0.2 0.3 0.2 0.1 0.2 0.8 0.2 0.1 0.7 0.1 0.1 0.0 0.2 0.0 0.5 0.1 0.1 0.1 0.0 0.8 0.6 0.7 0.1 0.1 0.6 0.2 0.2
sw2005B-ms98-a-0067 282.961750 293.479750 0
sw2005B-ms98-a-0068 293.479750 296.485250 0.1 0.0
sw2005B-ms98-a-0069 296.485250 298.309250 0
sw2005B-ms98-a-0070 298.309250 299.508125 0.0
sw2005B-ms98-a-0071 299.508125 301.489875 0.2 0.4
sw2005B-ms98-a-0072 301.489875 311.042875 0
sw2005B-ms98-a-0073 311.042875 311.966000 0.1
sw2005B-ms98-a-0074 311.966000 313.504125 0.1
sw2005B-ms98-a-0075 313.504125 316.326750 0
sw2005B-ms98-a-0076 316.326750 317.699625 0.1
sw2005B-ms98-a-0077 317.699625 321.725500 0
sw2005B-ms98-a-0078 321.725500 323.755125 0.0 0.3 0.1 0.7
sw2005B-ms98-a-0079 323.755125 324.698250 0
sw2005B-ms98-a-0080 324.698250 326.522500 0.1 0.6
sw2005B-ms98-a-0081 326.522500 338.517875 0
sw2005B-ms98-a-0082 338.517875 339.997875 0.1
sw2005B-ms98-a-0083 339.997875 342.006625 0.1
sw2005B-ms98-a-0084 342.006625 343.492500 0.2
sw2005B-ms98-a-0085 343.492500 344.492250 0.1
sw2005B-ms98-a-0086 344.492250 347.493875 0
sw2005B-ms98-a-0087 347.493875 348.474250 0.1
sw2005B-ms98-a-0088 348.474250 350.489250 0.3 0.1 0.2 0.3 0.6
sw2005B-ms98-a-0089 350.489250 355.727625 0
sw2005B-ms98-a-0090 355.727625 357.890250 0.1 0.3
sw2005B-ms98-a-0091 357.890250 359.923000 0.2 0.2 0.1
sw2005B-ms98-a-0092 359.923000 370.594500 0.2 0.1 0.1 0.0 0.4 0.6 0.1 0.2 0.6 0.3 0.1 0.1 0.6 0.1 0.0 0.9 0.0 0.0 0.1 0.2 0.1 0.0 0.4 0.3 0.2 0.7 0.3 0.7 0.1 0.1 0.1 0.8 0.1 0.4 0.7 0.0 0.0
sw2005B-ms98-a-0093 370.594500 380.586625 0
sw2005B-ms98-a-0094 380.586625 381.874250 0.1
sw2005B-ms98-a-0095 381.874250 384.320750 0
sw2005B-ms98-a-0096 384.320750 385.987375 0.1 0.4 0.4
sw2005B-ms98-a-0097 385.987375 389.986875 0
sw2005B-ms98-a-0098 389.986875 391.494125 0.1
sw2005B-ms98-a-0099 391.494125 394.004250 0
sw2005B-ms98-a-0100 394.004250 395.999625 0.1 0.0
sw2005B-ms98-a-0101 395.999625 397.004875 0
sw2005B-ms98-a-0102 397.004875 398.275125 0.1 0.3
sw2005B-ms98-a-0103 398.275125 400.271875 0
sw2005B-ms98-a-0104 400.271875 404.732375 0.1 0.5 0.2 0.8 0.2 0.8 0.2 0.8 0.1 0.1 0.7
sw2005B-ms98-a-0105 404.732375 412.998250 0
sw2005B-ms98-a-0106 412.998250 414.292750 0.1
sw2005B-ms98-a-0107 414.292750 422.173750 0
sw2005B-ms98-a-0108 422.173750 430.491375 0.1 0.1 0.2 0.3 0.3 0.9 0.1 0.1 0.1 0.3 0.3 0.9 0.1 0.8 0.3 0.4 0.2 0.0 0.7 0.7 0.8
sw2005B-ms98-a-0109 430.491375 450.472750 0
sw2005B-ms98-a-0110 450.472750 452.002125 0.1
sw2005B-ms98-a-0111 452.002125 456.982250 0
sw2005B-ms98-a-0112 456.982250 460.490250 0.1 0.1 0.1 0.5 0.1 0.1 0.1
sw2005B-ms98-a-0113 460.490250 466.457000 0
sw2005B-ms98-a-0114 466.457000 468.000250 0.1
sw2005B-ms98-a-0115 468.000250 470.979250 0
sw2005B-ms98-a-0116 470.979250 472.994625 0.1 0.2 0.5 0.7 0.1
sw2005B-ms98-a-0117 472.994625 474.546375 0
sw2005B-ms98-a-0118 474.546375 475.749625 0.1
sw2005B-ms98-a-0119 475.749625 478.988250 0
sw2005B-ms98-a-0120 478.988250 484.266750 0.1 0.2 0.1 0.0 0.5 0.1 0.6 0.7 0.0 0.0 0.2 0.1 0.6 0.2
sw2005B-ms98-a-0121 484.266750 485.989500 0.1 0.1 0.2 0.3
sw2005B-ms98-a-0122 485.989500 489.478875 0
sw2005B-ms98-a-0123 489.478875 494.734375 0.1 0.1 0.5 0.6 0.0 0.1 0.1 0.3 0.6 0.6
sw2005B-ms98-a-0124 494.734375 498.816125 0
