sw2005B-ms98-a-0001 0.000000 10.442500  0
sw2005B-ms98-a-0002 10.442500 11.233375  0
sw2005B-ms98-a-0002 11.233375 11.344875 0.0
sw2005B-ms98-a-0002 11.344875 11.474625 0.2
sw2005B-ms98-a-0002 11.474625 11.723250 0.2
sw2005B-ms98-a-0002 11.723250 11.838250 0.1
sw2005B-ms98-a-0002 11.838250 11.952500 0.0
sw2005B-ms98-a-0002 11.952500 12.092500 0.0
sw2005B-ms98-a-0002 12.092500 12.378000 0.1
sw2005B-ms98-a-0002 12.378000 12.532375 0.0
sw2005B-ms98-a-0002 12.532375 13.081125  0
sw2005B-ms98-a-0002 13.081125 13.228000 0.1
sw2005B-ms98-a-0002 13.228000 13.306875 0.1
sw2005B-ms98-a-0002 13.306875 13.382125 0.0
sw2005B-ms98-a-0002 13.382125 13.662500 0.5
sw2005B-ms98-a-0002 13.662500 13.802500 0.2
sw2005B-ms98-a-0002 13.802500 14.112500 0.4
sw2005B-ms98-a-0002 14.112500 14.172500 0.1
sw2005B-ms98-a-0002 14.172500 14.232500 0.0
sw2005B-ms98-a-0002 14.232500 14.532500 0.7
sw2005B-ms98-a-0002 14.532500 14.672500 0.3
sw2005B-ms98-a-0002 14.672500 14.832500 0.1
sw2005B-ms98-a-0002 14.832500 15.112500 0.5
sw2005B-ms98-a-0002 15.112500 15.212500 0.0
sw2005B-ms98-a-0002 15.212500 15.412500 0.6
sw2005B-ms98-a-0002 15.412500 15.532500 0.0
sw2005B-ms98-a-0002 15.532500 15.632500 0.0
sw2005B-ms98-a-0002 15.632500 15.922500 0.7
sw2005B-ms98-a-0002 15.922500 16.132500 0.1
sw2005B-ms98-a-0002 16.132500 16.392875 0.1
sw2005B-ms98-a-0002 16.392875 16.490750 0.0
sw2005B-ms98-a-0002 16.490750 16.650625 0.0
sw2005B-ms98-a-0002 16.650625 17.242875  0
sw2005B-ms98-a-0002 17.242875 17.574250 0.2
sw2005B-ms98-a-0002 17.574250 17.742500  0
sw2005B-ms98-a-0002 17.742500 17.815875 0.0
sw2005B-ms98-a-0002 17.815875 17.951375 0.0
sw2005B-ms98-a-0002 17.951375 18.122500 0.3
sw2005B-ms98-a-0002 18.122500 18.332500 0.0
sw2005B-ms98-a-0002 18.332500 18.635375  0
sw2005B-ms98-a-0002 18.635375 18.802750 0.0
sw2005B-ms98-a-0002 18.802750 18.974625 0.2
sw2005B-ms98-a-0002 18.974625 19.298500  0
sw2005B-ms98-a-0002 19.298500 19.501750 0.0
sw2005B-ms98-a-0002 19.501750 20.182500  0
sw2005B-ms98-a-0002 20.182500 20.243000 0.0
sw2005B-ms98-a-0002 20.243000 20.364000 0.0
sw2005B-ms98-a-0002 20.364000 20.480750 0.1
sw2005B-ms98-a-0002 20.480750 20.632500 0.1
sw2005B-ms98-a-0002 20.632500 20.832500 0.4
sw2005B-ms98-a-0002 20.832500 21.142500 0.6
sw2005B-ms98-a-0002 21.142500 21.679000  0
sw2005B-ms98-a-0003 21.679000 22.219000  0
sw2005B-ms98-a-0003 22.219000 22.356000 0.3
sw2005B-ms98-a-0003 22.356000 22.552375 0.1
sw2005B-ms98-a-0003 22.552375 22.865000 0.2
sw2005B-ms98-a-0003 22.865000 23.109000 0.0
sw2005B-ms98-a-0003 23.109000 23.628750 0.5
sw2005B-ms98-a-0003 23.628750 24.020500  0
sw2005B-ms98-a-0003 24.020500 24.277000 0.2
sw2005B-ms98-a-0003 24.277000 24.450250 0.0
sw2005B-ms98-a-0003 24.450250 24.643375  0
sw2005B-ms98-a-0003 24.643375 24.760125 0.1
sw2005B-ms98-a-0003 24.760125 24.917875 0.1
sw2005B-ms98-a-0003 24.917875 25.528625  0
sw2005B-ms98-a-0003 25.528625 25.878000 0.6
sw2005B-ms98-a-0003 25.878000 26.039875 0.2
sw2005B-ms98-a-0003 26.039875 26.327500 0.2
sw2005B-ms98-a-0003 26.327500 26.692875  0
sw2005B-ms98-a-0003 26.692875 26.999000 0.0
sw2005B-ms98-a-0003 26.999000 27.079000  0
sw2005B-ms98-a-0003 27.079000 27.369000 0.0
sw2005B-ms98-a-0003 27.369000 27.449875  0
sw2005B-ms98-a-0003 27.449875 27.638250 0.3
sw2005B-ms98-a-0003 27.638250 27.971875 0.0
sw2005B-ms98-a-0003 27.971875 28.092500  0
sw2005B-ms98-a-0003 28.092500 28.389000 0.6
sw2005B-ms98-a-0003 28.389000 28.449000 0.2
sw2005B-ms98-a-0003 28.449000 28.755000 0.8
sw2005B-ms98-a-0003 28.755000 28.815250 0.1
sw2005B-ms98-a-0003 28.815250 28.896625 0.0
sw2005B-ms98-a-0003 28.896625 29.077750  0
sw2005B-ms98-a-0003 29.077750 29.386625 0.9
sw2005B-ms98-a-0003 29.386625 29.699000 0.8
sw2005B-ms98-a-0003 29.699000 29.893375 0.1
sw2005B-ms98-a-0003 29.893375 30.066625 0.4
sw2005B-ms98-a-0003 30.066625 30.187625 0.0
sw2005B-ms98-a-0003 30.187625 30.475375  0
sw2005B-ms98-a-0003 30.475375 30.671250 0.2
sw2005B-ms98-a-0003 30.671250 31.049000 0.7
sw2005B-ms98-a-0003 31.049000 31.509000 0.9
sw2005B-ms98-a-0003 31.509000 31.770375 0.1
sw2005B-ms98-a-0003 31.770375 31.895375  0
sw2005B-ms98-a-0003 31.895375 32.081875 0.0
sw2005B-ms98-a-0003 32.081875 32.549000  0
sw2005B-ms98-a-0004 32.549000 33.129000  0
sw2005B-ms98-a-0004 33.129000 33.549000 0.0
sw2005B-ms98-a-0004 33.549000 33.749000 0.8
sw2005B-ms98-a-0004 33.749000 33.859000  0
sw2005B-ms98-a-0004 33.859000 34.019000 0.7
sw2005B-ms98-a-0004 34.019000 34.239000 0.8
sw2005B-ms98-a-0004 34.239000 34.453250 0.6
sw2005B-ms98-a-0004 34.453250 34.553375 0.0
sw2005B-ms98-a-0004 34.553375 34.899000 0.0
sw2005B-ms98-a-0004 34.899000 35.494750  0
sw2005B-ms98-a-0005 35.494750 36.064750  0
sw2005B-ms98-a-0005 36.064750 36.296875 0.0
sw2005B-ms98-a-0005 36.296875 36.446875 0.0
sw2005B-ms98-a-0005 36.446875 36.601375 0.2
sw2005B-ms98-a-0005 36.601375 36.767000 0.3
sw2005B-ms98-a-0005 36.767000 36.967125 0.0
sw2005B-ms98-a-0005 36.967125 37.185625 0.4
sw2005B-ms98-a-0005 37.185625 37.714750 0.5
sw2005B-ms98-a-0005 37.714750 37.834750 0.1
sw2005B-ms98-a-0005 37.834750 38.104750 0.1
sw2005B-ms98-a-0005 38.104750 38.470250  0
sw2005B-ms98-a-0006 38.470250 39.020250  0
sw2005B-ms98-a-0006 39.020250 39.198875 0.1
sw2005B-ms98-a-0006 39.198875 39.287125 0.1
sw2005B-ms98-a-0006 39.287125 39.740250 0.4
sw2005B-ms98-a-0006 39.740250 40.256250 0.7
sw2005B-ms98-a-0006 40.256250 40.512375 0.3
sw2005B-ms98-a-0006 40.512375 40.758250 0.0
sw2005B-ms98-a-0006 40.758250 40.856250 0.0
sw2005B-ms98-a-0006 40.856250 41.320250 0.5
sw2005B-ms98-a-0006 41.320250 41.600250 0.2
sw2005B-ms98-a-0006 41.600250 42.152875  0
sw2005B-ms98-a-0006 42.152875 42.401500 0.0
sw2005B-ms98-a-0006 42.401500 42.780250 0.6
sw2005B-ms98-a-0006 42.780250 43.142000  0
sw2005B-ms98-a-0006 43.142000 43.236125 0.0
sw2005B-ms98-a-0006 43.236125 43.570250 0.9
sw2005B-ms98-a-0006 43.570250 43.840250 0.8
sw2005B-ms98-a-0006 43.840250 43.910250 0.1
sw2005B-ms98-a-0006 43.910250 44.020250 0.2
sw2005B-ms98-a-0006 44.020250 44.180250 0.3
sw2005B-ms98-a-0006 44.180250 44.730250 0.8
sw2005B-ms98-a-0006 44.730250 45.258625  0
sw2005B-ms98-a-0007 45.258625 45.737750  0
sw2005B-ms98-a-0007 45.737750 45.922125 0.1
sw2005B-ms98-a-0007 45.922125 45.992000 0.1
sw2005B-ms98-a-0007 45.992000 46.078625 0.3
sw2005B-ms98-a-0007 46.078625 46.360875 0.2
sw2005B-ms98-a-0007 46.360875 46.847375 0.8
sw2005B-ms98-a-0007 46.847375 46.958000  0
sw2005B-ms98-a-0007 46.958000 47.052250 0.0
sw2005B-ms98-a-0007 47.052250 47.295625 0.0
sw2005B-ms98-a-0007 47.295625 47.745000  0
sw2005B-ms98-a-0007 47.745000 48.004875 0.2
sw2005B-ms98-a-0007 48.004875 48.238625 0.5
sw2005B-ms98-a-0007 48.238625 48.358625 0.1
sw2005B-ms98-a-0007 48.358625 48.478625 0.3
sw2005B-ms98-a-0007 48.478625 48.558625 0.1
sw2005B-ms98-a-0007 48.558625 48.758625 0.4
sw2005B-ms98-a-0007 48.758625 48.818625 0.1
sw2005B-ms98-a-0007 48.818625 48.878625 0.0
sw2005B-ms98-a-0007 48.878625 49.148625 0.3
sw2005B-ms98-a-0007 49.148625 49.258625 0.1
sw2005B-ms98-a-0007 49.258625 49.368625 0.2
sw2005B-ms98-a-0007 49.368625 49.549000 0.3
sw2005B-ms98-a-0007 49.549000 49.665750  0
sw2005B-ms98-a-0007 49.665750 49.748625 0.2
sw2005B-ms98-a-0007 49.748625 49.848375 0.3
sw2005B-ms98-a-0007 49.848375 49.946375 0.2
sw2005B-ms98-a-0007 49.946375 50.878625  0
sw2005B-ms98-a-0007 50.878625 51.028625 0.3
sw2005B-ms98-a-0007 51.028625 51.403875 0.4
sw2005B-ms98-a-0007 51.403875 51.874250  0
sw2005B-ms98-a-0007 51.874250 52.160500 0.0
sw2005B-ms98-a-0007 52.160500 52.426375  0
sw2005B-ms98-a-0007 52.426375 52.531875 0.1
sw2005B-ms98-a-0007 52.531875 52.652750 0.3
sw2005B-ms98-a-0007 52.652750 52.748625 0.0
sw2005B-ms98-a-0007 52.748625 53.308625 0.7
sw2005B-ms98-a-0007 53.308625 54.267625  0
sw2005B-ms98-a-0007 54.267625 54.501375 0.1
sw2005B-ms98-a-0007 54.501375 54.787375 0.0
sw2005B-ms98-a-0007 54.787375 54.871625 0.0
sw2005B-ms98-a-0007 54.871625 55.139000  0
sw2005B-ms98-a-0007 55.139000 55.710875 0.8
sw2005B-ms98-a-0007 55.710875 56.194750  0
sw2005B-ms98-a-0007 56.194750 56.386750 0.3
sw2005B-ms98-a-0007 56.386750 56.448000  0
sw2005B-ms98-a-0008 56.448000 56.849000  0
sw2005B-ms98-a-0008 56.849000 57.062250 0.1
sw2005B-ms98-a-0008 57.062250 57.468000 0.8
sw2005B-ms98-a-0008 57.468000 58.460625  0
sw2005B-ms98-a-0008 58.460625 58.560250 0.2
sw2005B-ms98-a-0008 58.560250 58.718000 0.8
sw2005B-ms98-a-0008 58.718000 58.788000 0.0
sw2005B-ms98-a-0008 58.788000 59.036125 0.1
sw2005B-ms98-a-0008 59.036125 59.137875  0
sw2005B-ms98-a-0008 59.137875 59.231375 0.0
sw2005B-ms98-a-0008 59.231375 59.358000 0.0
sw2005B-ms98-a-0008 59.358000 59.778000  0
sw2005B-ms98-a-0008 59.778000 59.958000 0.5
sw2005B-ms98-a-0008 59.958000 60.148000 0.6
sw2005B-ms98-a-0008 60.148000 60.298000 0.7
sw2005B-ms98-a-0008 60.298000 60.438000 0.7
sw2005B-ms98-a-0008 60.438000 60.498000 0.1
sw2005B-ms98-a-0008 60.498000 60.868000 0.5
sw2005B-ms98-a-0008 60.868000 61.228000 0.4
sw2005B-ms98-a-0008 61.228000 61.482375 0.1
sw2005B-ms98-a-0008 61.482375 62.118875  0
sw2005B-ms98-a-0008 62.118875 62.578000 0.7
sw2005B-ms98-a-0008 62.578000 62.661000 0.0
sw2005B-ms98-a-0008 62.661000 62.732625 0.0
sw2005B-ms98-a-0008 62.732625 63.028000 0.9
sw2005B-ms98-a-0008 63.028000 63.308000 0.8
sw2005B-ms98-a-0008 63.308000 63.471250 0.1
sw2005B-ms98-a-0008 63.471250 63.508000 0.0
sw2005B-ms98-a-0008 63.508000 63.728000 0.4
sw2005B-ms98-a-0008 63.728000 63.828000 0.1
sw2005B-ms98-a-0008 63.828000 63.958000 0.1
sw2005B-ms98-a-0008 63.958000 64.128000 0.0
sw2005B-ms98-a-0008 64.128000 64.308000 0.7
sw2005B-ms98-a-0008 64.308000 64.338000 0.0
sw2005B-ms98-a-0008 64.338000 64.528000 0.4
sw2005B-ms98-a-0008 64.528000 64.668000 0.6
sw2005B-ms98-a-0008 64.668000 65.328000 0.8
sw2005B-ms98-a-0008 65.328000 65.408000  0
sw2005B-ms98-a-0008 65.408000 65.608000 0.0
sw2005B-ms98-a-0008 65.608000 65.946750  0
sw2005B-ms98-a-0009 65.946750 66.416750  0
sw2005B-ms98-a-0009 66.416750 66.516750 0.1
sw2005B-ms98-a-0009 66.516750 66.676750 0.1
sw2005B-ms98-a-0009 66.676750 66.746750 0.0
sw2005B-ms98-a-0009 66.746750 66.866750 0.1
sw2005B-ms98-a-0009 66.866750 67.096750 0.5
sw2005B-ms98-a-0009 67.096750 67.206750 0.1
sw2005B-ms98-a-0009 67.206750 67.266750 0.0
sw2005B-ms98-a-0009 67.266750 67.618750 0.7
sw2005B-ms98-a-0009 67.618750 67.750625 0.0
sw2005B-ms98-a-0009 67.750625 67.906750 0.0
sw2005B-ms98-a-0009 67.906750 68.006750 0.1
sw2005B-ms98-a-0009 68.006750 68.256750 0.7
sw2005B-ms98-a-0009 68.256750 68.496750 0.2
sw2005B-ms98-a-0009 68.496750 68.566750 0.0
sw2005B-ms98-a-0009 68.566750 68.666750 0.0
sw2005B-ms98-a-0009 68.666750 68.886750 0.0
sw2005B-ms98-a-0009 68.886750 69.216750 1.0
sw2005B-ms98-a-0009 69.216750 69.496750 1.0
sw2005B-ms98-a-0009 69.496750 69.646750 0.0
sw2005B-ms98-a-0009 69.646750 69.786750  0
sw2005B-ms98-a-0009 69.786750 70.066750 0.8
sw2005B-ms98-a-0009 70.066750 70.166750 0.5
sw2005B-ms98-a-0009 70.166750 70.226750 0.1
sw2005B-ms98-a-0009 70.226750 70.366750 0.4
sw2005B-ms98-a-0009 70.366750 70.836750 0.8
sw2005B-ms98-a-0009 70.836750 71.096750 0.4
sw2005B-ms98-a-0009 71.096750 71.492875  0
sw2005B-ms98-a-0010 71.492875 72.082875  0
sw2005B-ms98-a-0010 72.082875 72.192875 0.1
sw2005B-ms98-a-0010 72.192875 72.252875 0.1
sw2005B-ms98-a-0010 72.252875 72.351500 0.1
sw2005B-ms98-a-0010 72.351500 72.545125 0.1
sw2005B-ms98-a-0010 72.545125 72.732875 0.7
sw2005B-ms98-a-0010 72.732875 73.012875  0
sw2005B-ms98-a-0010 73.012875 73.192875 0.0
sw2005B-ms98-a-0010 73.192875 73.408500 0.3
sw2005B-ms98-a-0010 73.408500 73.575375 0.7
sw2005B-ms98-a-0010 73.575375 74.093750  0
sw2005B-ms98-a-0010 74.093750 74.297875 0.0
sw2005B-ms98-a-0010 74.297875 74.498375  0
sw2005B-ms98-a-0011 74.498375 75.288375  0
sw2005B-ms98-a-0011 75.288375 75.572750 0.6
sw2005B-ms98-a-0011 75.572750 76.146250  0
sw2005B-ms98-a-0011 76.146250 76.217875 0.1
sw2005B-ms98-a-0011 76.217875 76.316750 0.1
sw2005B-ms98-a-0011 76.316750 76.438375 0.7
sw2005B-ms98-a-0011 76.438375 76.608375 0.2
sw2005B-ms98-a-0011 76.608375 76.896000 0.6
sw2005B-ms98-a-0011 76.896000 77.062375 0.1
sw2005B-ms98-a-0011 77.062375 77.168375 0.1
sw2005B-ms98-a-0011 77.168375 77.665000  0
sw2005B-ms98-a-0012 77.665000 78.055000  0
sw2005B-ms98-a-0012 78.055000 78.305000 0.9
sw2005B-ms98-a-0012 78.305000 78.530250 0.8
sw2005B-ms98-a-0012 78.530250 78.647375 0.1
sw2005B-ms98-a-0012 78.647375 78.858250 0.1
sw2005B-ms98-a-0012 78.858250 78.976375  0
sw2005B-ms98-a-0012 78.976375 79.215875 0.3
sw2005B-ms98-a-0012 79.215875 79.366625 0.1
sw2005B-ms98-a-0012 79.366625 79.806500 0.5
sw2005B-ms98-a-0012 79.806500 79.960875 0.3
sw2005B-ms98-a-0012 79.960875 80.195000 0.1
sw2005B-ms98-a-0012 80.195000 80.325000 0.3
sw2005B-ms98-a-0012 80.325000 80.385000 0.1
sw2005B-ms98-a-0012 80.385000 80.634250 0.6
sw2005B-ms98-a-0012 80.634250 80.739750 0.0
sw2005B-ms98-a-0012 80.739750 80.875000 0.3
sw2005B-ms98-a-0012 80.875000 81.205000 0.7
sw2005B-ms98-a-0012 81.205000 81.295000 0.2
sw2005B-ms98-a-0012 81.295000 81.425000 0.1
sw2005B-ms98-a-0012 81.425000 81.535750 0.3
sw2005B-ms98-a-0012 81.535750 81.761750 0.3
sw2005B-ms98-a-0012 81.761750 82.075000 0.2
sw2005B-ms98-a-0012 82.075000 82.175000 0.0
sw2005B-ms98-a-0012 82.175000 82.525000 0.8
sw2005B-ms98-a-0012 82.525000 82.625000 0.1
sw2005B-ms98-a-0012 82.625000 82.685000 0.1
sw2005B-ms98-a-0012 82.685000 83.145000 0.9
sw2005B-ms98-a-0012 83.145000 83.415000 0.4
sw2005B-ms98-a-0012 83.415000 83.995750  0
sw2005B-ms98-a-0013 83.995750 84.593625  0
sw2005B-ms98-a-0013 84.593625 84.672750 0.2
sw2005B-ms98-a-0013 84.672750 84.876125 0.1
sw2005B-ms98-a-0013 84.876125 85.042500 0.1
sw2005B-ms98-a-0013 85.042500 85.179750 0.0
sw2005B-ms98-a-0013 85.179750 85.494875 0.5
sw2005B-ms98-a-0013 85.494875 85.650625 0.0
sw2005B-ms98-a-0013 85.650625 86.181750  0
sw2005B-ms98-a-0013 86.181750 86.345750 0.5
sw2005B-ms98-a-0013 86.345750 86.791125 0.7
sw2005B-ms98-a-0013 86.791125 86.945500 0.1
sw2005B-ms98-a-0013 86.945500 87.015750 0.0
sw2005B-ms98-a-0013 87.015750 87.078875 0.0
sw2005B-ms98-a-0013 87.078875 87.210750 0.0
sw2005B-ms98-a-0013 87.210750 87.415750 0.4
sw2005B-ms98-a-0013 87.415750 87.495750 0.1
sw2005B-ms98-a-0013 87.495750 87.665750 0.3
sw2005B-ms98-a-0013 87.665750 87.895750 0.1
sw2005B-ms98-a-0013 87.895750 88.273375  0
sw2005B-ms98-a-0014 88.273375 88.623375  0
sw2005B-ms98-a-0014 88.623375 88.693375 0.0
sw2005B-ms98-a-0014 88.693375 88.753375 0.0
sw2005B-ms98-a-0014 88.753375 88.833375 0.2
sw2005B-ms98-a-0014 88.833375 88.943375 0.2
sw2005B-ms98-a-0014 88.943375 89.323375 0.3
sw2005B-ms98-a-0014 89.323375 89.553375 0.3
sw2005B-ms98-a-0014 89.553375 89.693375 0.1
sw2005B-ms98-a-0014 89.693375 89.863375 0.3
sw2005B-ms98-a-0014 89.863375 90.013375 0.2
sw2005B-ms98-a-0014 90.013375 90.373375 0.4
sw2005B-ms98-a-0014 90.373375 90.673750  0
sw2005B-ms98-a-0014 90.673750 90.790500 0.0
sw2005B-ms98-a-0014 90.790500 90.923375 0.0
sw2005B-ms98-a-0014 90.923375 91.037625 0.1
sw2005B-ms98-a-0014 91.037625 91.645375  0
sw2005B-ms98-a-0014 91.645375 91.984375 0.7
sw2005B-ms98-a-0014 91.984375 92.153375 0.5
sw2005B-ms98-a-0014 92.153375 92.323375 0.3
sw2005B-ms98-a-0014 92.323375 92.383375 0.0
sw2005B-ms98-a-0014 92.383375 93.083375 0.6
sw2005B-ms98-a-0014 93.083375 93.323625 0.1
sw2005B-ms98-a-0014 93.323625 93.499875 0.0
sw2005B-ms98-a-0014 93.499875 93.601625  0
sw2005B-ms98-a-0014 93.601625 93.803375 0.3
sw2005B-ms98-a-0014 93.803375 93.953375 0.1
sw2005B-ms98-a-0014 93.953375 94.479875 0.6
sw2005B-ms98-a-0014 94.479875 94.664500 0.2
sw2005B-ms98-a-0014 94.664500 94.793375 0.3
sw2005B-ms98-a-0014 94.793375 94.863375 0.0
sw2005B-ms98-a-0014 94.863375 94.963375 0.0
sw2005B-ms98-a-0014 94.963375 95.113375 0.1
sw2005B-ms98-a-0014 95.113375 95.343375 0.7
sw2005B-ms98-a-0014 95.343375 95.503375 0.2
sw2005B-ms98-a-0014 95.503375 95.623375 0.1
sw2005B-ms98-a-0014 95.623375 95.803375 0.3
sw2005B-ms98-a-0014 95.803375 96.270750 0.6
sw2005B-ms98-a-0014 96.270750 96.414625  0
sw2005B-ms98-a-0014 96.414625 96.862750 0.3
sw2005B-ms98-a-0014 96.862750 96.973375 0.1
sw2005B-ms98-a-0014 96.973375 97.155750  0
sw2005B-ms98-a-0014 97.155750 97.246125 0.0
sw2005B-ms98-a-0014 97.246125 97.343375 0.0
sw2005B-ms98-a-0014 97.343375 97.793375 0.6
sw2005B-ms98-a-0014 97.793375 98.003375 0.8
sw2005B-ms98-a-0014 98.003375 98.425000 0.6
sw2005B-ms98-a-0014 98.425000 98.620875  0
sw2005B-ms98-a-0014 98.620875 98.993375 0.8
sw2005B-ms98-a-0014 98.993375 100.422125  0
sw2005B-ms98-a-0015 100.422125 107.512375  0
sw2005B-ms98-a-0016 107.512375 108.272375  0
sw2005B-ms98-a-0016 108.272375 109.247250 0.0
sw2005B-ms98-a-0016 109.247250 109.484625  0
sw2005B-ms98-a-0017 109.484625 117.020000  0
sw2005B-ms98-a-0018 117.020000 117.722500  0
sw2005B-ms98-a-0018 117.722500 118.052875 0.0
sw2005B-ms98-a-0018 118.052875 118.494375  0
sw2005B-ms98-a-0019 118.494375 120.509500  0
sw2005B-ms98-a-0020 120.509500 120.939500  0
sw2005B-ms98-a-0020 120.939500 121.239500 0.1
sw2005B-ms98-a-0020 121.239500 121.744375  0
sw2005B-ms98-a-0021 121.744375 126.952250  0
sw2005B-ms98-a-0022 126.952250 127.343875  0
sw2005B-ms98-a-0022 127.343875 128.051875 0.0
sw2005B-ms98-a-0022 128.051875 128.629000  0
sw2005B-ms98-a-0022 128.629000 129.142375 0.0
sw2005B-ms98-a-0022 129.142375 129.223750  0
sw2005B-ms98-a-0023 129.223750 136.489250  0
sw2005B-ms98-a-0024 136.489250 137.038000  0
sw2005B-ms98-a-0024 137.038000 137.419000 0.2
sw2005B-ms98-a-0024 137.419000 137.999000  0
sw2005B-ms98-a-0025 137.999000 140.010250  0
sw2005B-ms98-a-0026 140.010250 140.645125  0
sw2005B-ms98-a-0026 140.645125 140.901375 0.0
sw2005B-ms98-a-0026 140.901375 140.996000  0
sw2005B-ms98-a-0027 140.996000 144.511875  0
sw2005B-ms98-a-0028 144.511875 144.971875  0
sw2005B-ms98-a-0028 144.971875 145.229750 0.2
sw2005B-ms98-a-0028 145.229750 145.398125  0
sw2005B-ms98-a-0028 145.398125 145.732375 0.0
sw2005B-ms98-a-0028 145.732375 146.080500  0
sw2005B-ms98-a-0029 146.080500 148.203500  0
sw2005B-ms98-a-0030 148.203500 148.329625  0
sw2005B-ms98-a-0030 148.329625 148.722500 0.0
sw2005B-ms98-a-0030 148.722500 148.839125 0.0
sw2005B-ms98-a-0030 148.839125 148.973500 0.3
sw2005B-ms98-a-0030 148.973500 149.453500 0.7
sw2005B-ms98-a-0030 149.453500 149.751875  0
sw2005B-ms98-a-0031 149.751875 155.269375  0
sw2005B-ms98-a-0032 155.269375 155.289375  0
sw2005B-ms98-a-0032 155.289375 155.489375 0.0
sw2005B-ms98-a-0032 155.489375 155.751500  0
sw2005B-ms98-a-0032 155.751500 156.013625 0.2
sw2005B-ms98-a-0032 156.013625 156.407125 0.7
sw2005B-ms98-a-0032 156.407125 156.614250 0.2
sw2005B-ms98-a-0032 156.614250 156.843500 0.1
sw2005B-ms98-a-0032 156.843500 157.030375 0.7
sw2005B-ms98-a-0032 157.030375 157.505250  0
sw2005B-ms98-a-0033 157.505250 163.481125  0
sw2005B-ms98-a-0034 163.481125 164.281125  0
sw2005B-ms98-a-0034 164.281125 164.631125 0.0
sw2005B-ms98-a-0034 164.631125 165.005000  0
sw2005B-ms98-a-0035 165.005000 168.287625  0
sw2005B-ms98-a-0036 168.287625 168.417625  0
sw2005B-ms98-a-0036 168.417625 169.047625 0.0
sw2005B-ms98-a-0036 169.047625 169.280375  0
sw2005B-ms98-a-0037 169.280375 172.002750  0
sw2005B-ms98-a-0038 172.002750 172.392750  0
sw2005B-ms98-a-0038 172.392750 172.638500 0.3
sw2005B-ms98-a-0038 172.638500 172.984125  0
sw2005B-ms98-a-0039 172.984125 173.143125  0
sw2005B-ms98-a-0039 173.143125 173.287500 0.1
sw2005B-ms98-a-0039 173.287500 173.511750 0.8
sw2005B-ms98-a-0039 173.511750 173.834125 0.7
sw2005B-ms98-a-0039 173.834125 173.894125 0.3
sw2005B-ms98-a-0039 173.894125 173.984125 0.6
sw2005B-ms98-a-0039 173.984125 174.114125 0.6
sw2005B-ms98-a-0039 174.114125 174.401250  0
sw2005B-ms98-a-0040 174.401250 183.989750  0
sw2005B-ms98-a-0041 183.989750 185.039750  0
sw2005B-ms98-a-0041 185.039750 185.309750 0.0
sw2005B-ms98-a-0041 185.309750 185.492750  0
sw2005B-ms98-a-0042 185.492750 192.739250  0
sw2005B-ms98-a-0043 192.739250 193.376375  0
sw2005B-ms98-a-0043 193.376375 193.603125 0.3
sw2005B-ms98-a-0043 193.603125 193.879250 0.6
sw2005B-ms98-a-0043 193.879250 194.514625  0
sw2005B-ms98-a-0044 194.514625 200.008250  0
sw2005B-ms98-a-0045 200.008250 200.599875  0
sw2005B-ms98-a-0045 200.599875 200.815750 0.2
sw2005B-ms98-a-0045 200.815750 201.028250 0.4
sw2005B-ms98-a-0045 201.028250 201.188250  0
sw2005B-ms98-a-0045 201.188250 201.314125 0.0
sw2005B-ms98-a-0045 201.314125 201.497125  0
sw2005B-ms98-a-0046 201.497125 203.368750  0
sw2005B-ms98-a-0047 203.368750 203.583750  0
sw2005B-ms98-a-0047 203.583750 204.246375 0.0
sw2005B-ms98-a-0047 204.246375 205.240250  0
sw2005B-ms98-a-0048 205.240250 205.754375  0
sw2005B-ms98-a-0048 205.754375 206.016250 0.2
sw2005B-ms98-a-0048 206.016250 206.418250  0
sw2005B-ms98-a-0048 206.418250 206.628375 0.4
sw2005B-ms98-a-0048 206.628375 206.998250  0
sw2005B-ms98-a-0049 206.998250 212.253375  0
sw2005B-ms98-a-0050 212.253375 212.482375  0
sw2005B-ms98-a-0050 212.482375 212.765375 0.0
sw2005B-ms98-a-0050 212.765375 213.210625  0
sw2005B-ms98-a-0051 213.210625 217.001875  0
sw2005B-ms98-a-0052 217.001875 217.514250  0
sw2005B-ms98-a-0052 217.514250 217.731875 0.0
sw2005B-ms98-a-0052 217.731875 217.998375  0
sw2005B-ms98-a-0053 217.998375 218.572750  0
sw2005B-ms98-a-0053 218.572750 218.786000 0.0
sw2005B-ms98-a-0053 218.786000 219.330250  0
sw2005B-ms98-a-0054 219.330250 220.773875  0
sw2005B-ms98-a-0055 220.773875 221.253875  0
sw2005B-ms98-a-0055 221.253875 221.373000 0.1
sw2005B-ms98-a-0055 221.373000 221.509250 0.1
sw2005B-ms98-a-0055 221.509250 221.733875 0.3
sw2005B-ms98-a-0055 221.733875 222.141375 0.6
sw2005B-ms98-a-0055 222.141375 222.281500  0
sw2005B-ms98-a-0056 222.281500 225.518500  0
sw2005B-ms98-a-0057 225.518500 226.066500  0
sw2005B-ms98-a-0057 226.066500 226.374125 0.0
sw2005B-ms98-a-0057 226.374125 227.003250  0
sw2005B-ms98-a-0058 227.003250 234.003750  0
sw2005B-ms98-a-0059 234.003750 234.437125  0
sw2005B-ms98-a-0059 234.437125 234.776000 0.0
sw2005B-ms98-a-0059 234.776000 235.008750  0
sw2005B-ms98-a-0060 235.008750 235.278500  0
sw2005B-ms98-a-0060 235.278500 235.701875 0.6
sw2005B-ms98-a-0060 235.701875 235.984000 0.4
sw2005B-ms98-a-0060 235.984000 236.568750 0.0
sw2005B-ms98-a-0060 236.568750 236.628750 0.1
sw2005B-ms98-a-0060 236.628750 236.708750 0.0
sw2005B-ms98-a-0060 236.708750 236.848750 0.4
sw2005B-ms98-a-0060 236.848750 236.908750 0.1
sw2005B-ms98-a-0060 236.908750 237.253000 0.6
sw2005B-ms98-a-0060 237.253000 237.460250 0.1
sw2005B-ms98-a-0060 237.460250 237.987750  0
sw2005B-ms98-a-0061 237.987750 238.617750  0
sw2005B-ms98-a-0061 238.617750 239.467750 0.7
sw2005B-ms98-a-0061 239.467750 239.707750 0.3
sw2005B-ms98-a-0061 239.707750 239.877750 0.1
sw2005B-ms98-a-0061 239.877750 240.137750 0.4
sw2005B-ms98-a-0061 240.137750 240.207750 0.0
sw2005B-ms98-a-0061 240.207750 240.497750 0.4
sw2005B-ms98-a-0061 240.497750 240.634375 0.0
sw2005B-ms98-a-0061 240.634375 240.733750 0.0
sw2005B-ms98-a-0061 240.733750 240.824125 0.0
sw2005B-ms98-a-0061 240.824125 241.207750  0
sw2005B-ms98-a-0061 241.207750 241.417750 0.2
sw2005B-ms98-a-0061 241.417750 241.737750 0.6
sw2005B-ms98-a-0061 241.737750 242.137750 0.9
sw2005B-ms98-a-0061 242.137750 242.207750 0.1
sw2005B-ms98-a-0061 242.207750 242.287750 0.0
sw2005B-ms98-a-0061 242.287750 242.527750 0.5
sw2005B-ms98-a-0061 242.527750 242.973125 0.8
sw2005B-ms98-a-0061 242.973125 243.091375 0.0
sw2005B-ms98-a-0061 243.091375 243.277750 0.0
sw2005B-ms98-a-0061 243.277750 243.508250  0
sw2005B-ms98-a-0062 243.508250 243.728250  0
sw2005B-ms98-a-0062 243.728250 243.865500 0.2
sw2005B-ms98-a-0062 243.865500 244.027125 0.0
sw2005B-ms98-a-0062 244.027125 244.220625  0
sw2005B-ms98-a-0062 244.220625 244.385625 0.2
sw2005B-ms98-a-0062 244.385625 244.628250 0.3
sw2005B-ms98-a-0062 244.628250 244.808750 0.6
sw2005B-ms98-a-0062 244.808750 244.899125 0.0
sw2005B-ms98-a-0062 244.899125 245.080500 0.1
sw2005B-ms98-a-0062 245.080500 245.453375 0.6
sw2005B-ms98-a-0062 245.453375 245.686125  0
sw2005B-ms98-a-0062 245.686125 246.040250 0.0
sw2005B-ms98-a-0062 246.040250 246.316625 0.4
sw2005B-ms98-a-0062 246.316625 246.818375  0
sw2005B-ms98-a-0062 246.818375 246.980375 0.1
sw2005B-ms98-a-0062 246.980375 247.132500 0.1
sw2005B-ms98-a-0062 247.132500 247.185250 0.0
sw2005B-ms98-a-0062 247.185250 247.250125 0.6
sw2005B-ms98-a-0062 247.250125 247.378250  0
sw2005B-ms98-a-0062 247.378250 247.510000 0.1
sw2005B-ms98-a-0062 247.510000 247.670250 0.1
sw2005B-ms98-a-0062 247.670250 247.898250 0.6
sw2005B-ms98-a-0062 247.898250 248.198250 0.2
sw2005B-ms98-a-0062 248.198250 248.388250 0.1
sw2005B-ms98-a-0062 248.388250 248.418250 0.1
sw2005B-ms98-a-0062 248.418250 248.648250 0.2
sw2005B-ms98-a-0062 248.648250 248.841875 0.2
sw2005B-ms98-a-0062 248.841875 249.064125  0
sw2005B-ms98-a-0062 249.064125 249.268250 0.1
sw2005B-ms98-a-0062 249.268250 249.448250 0.8
sw2005B-ms98-a-0062 249.448250 249.768250 0.9
sw2005B-ms98-a-0062 249.768250 250.113250  0
sw2005B-ms98-a-0063 250.113250 250.509625  0
sw2005B-ms98-a-0063 250.509625 250.742250 0.2
sw2005B-ms98-a-0063 250.742250 250.843250 0.0
sw2005B-ms98-a-0063 250.843250 250.943250  0
sw2005B-ms98-a-0063 250.943250 251.713250 0.5
sw2005B-ms98-a-0063 251.713250 251.843250 0.1
sw2005B-ms98-a-0063 251.843250 252.251125 0.6
sw2005B-ms98-a-0063 252.251125 252.409250  0
sw2005B-ms98-a-0063 252.409250 252.503250 0.0
sw2005B-ms98-a-0063 252.503250 252.723250 0.0
sw2005B-ms98-a-0063 252.723250 252.823250 0.1
sw2005B-ms98-a-0063 252.823250 253.296625  0
sw2005B-ms98-a-0063 253.296625 253.756250 0.4
sw2005B-ms98-a-0063 253.756250 253.913250  0
sw2005B-ms98-a-0063 253.913250 253.973250 0.0
sw2005B-ms98-a-0063 253.973250 254.101125 0.0
sw2005B-ms98-a-0063 254.101125 254.229250 0.2
sw2005B-ms98-a-0063 254.229250 254.338000  0
sw2005B-ms98-a-0063 254.338000 254.436000 0.1
sw2005B-ms98-a-0063 254.436000 254.663250 0.6
sw2005B-ms98-a-0063 254.663250 254.853250 0.5
sw2005B-ms98-a-0063 254.853250 254.986625 0.2
sw2005B-ms98-a-0063 254.986625 255.280125 0.6
sw2005B-ms98-a-0063 255.280125 255.598500  0
sw2005B-ms98-a-0064 255.598500 255.974000  0
sw2005B-ms98-a-0064 255.974000 256.129125 0.3
sw2005B-ms98-a-0064 256.129125 256.365375 0.8
sw2005B-ms98-a-0064 256.365375 256.681625 0.2
sw2005B-ms98-a-0064 256.681625 256.816500 0.1
sw2005B-ms98-a-0064 256.816500 256.914500  0
sw2005B-ms98-a-0064 256.914500 257.148500 0.3
sw2005B-ms98-a-0064 257.148500 257.488500 0.0
sw2005B-ms98-a-0064 257.488500 257.968500 0.7
sw2005B-ms98-a-0064 257.968500 258.118500 0.1
sw2005B-ms98-a-0064 258.118500 258.248500 0.1
sw2005B-ms98-a-0064 258.248500 258.371250 0.0
sw2005B-ms98-a-0064 258.371250 258.544500 0.4
sw2005B-ms98-a-0064 258.544500 258.798500 0.3
sw2005B-ms98-a-0064 258.798500 258.918500 0.1
sw2005B-ms98-a-0064 258.918500 259.048500 0.1
sw2005B-ms98-a-0064 259.048500 259.148500 0.3
sw2005B-ms98-a-0064 259.148500 259.328500 0.4
sw2005B-ms98-a-0064 259.328500 259.718500 0.8
sw2005B-ms98-a-0064 259.718500 259.808500 0.2
sw2005B-ms98-a-0064 259.808500 260.058500 0.1
sw2005B-ms98-a-0064 260.058500 260.388500 0.8
sw2005B-ms98-a-0064 260.388500 260.528500 0.1
sw2005B-ms98-a-0064 260.528500 260.668500 0.2
sw2005B-ms98-a-0064 260.668500 260.998500 1.0
sw2005B-ms98-a-0064 260.998500 261.131375 0.1
sw2005B-ms98-a-0064 261.131375 261.232000  0
sw2005B-ms98-a-0064 261.232000 261.503250 0.7
sw2005B-ms98-a-0064 261.503250 261.729125 0.8
sw2005B-ms98-a-0064 261.729125 262.208000 0.8
sw2005B-ms98-a-0064 262.208000 262.583125  0
sw2005B-ms98-a-0065 262.583125 263.025875  0
sw2005B-ms98-a-0065 263.025875 263.150000 0.1
sw2005B-ms98-a-0065 263.150000 263.243125 0.1
sw2005B-ms98-a-0065 263.243125 263.593125 0.4
sw2005B-ms98-a-0065 263.593125 263.775125 0.1
sw2005B-ms98-a-0065 263.775125 263.998250 0.1
sw2005B-ms98-a-0065 263.998250 264.303250  0
sw2005B-ms98-a-0065 264.303250 264.483125 0.1
sw2005B-ms98-a-0065 264.483125 264.663125 0.6
sw2005B-ms98-a-0065 264.663125 265.203125 0.8
sw2005B-ms98-a-0065 265.203125 265.303125 0.1
sw2005B-ms98-a-0065 265.303125 265.473125 0.1
sw2005B-ms98-a-0065 265.473125 266.013125  0
sw2005B-ms98-a-0065 266.013125 266.193125 0.4
sw2005B-ms98-a-0065 266.193125 266.363125 0.1
sw2005B-ms98-a-0065 266.363125 266.563125 0.1
sw2005B-ms98-a-0065 266.563125 266.643125 0.0
sw2005B-ms98-a-0065 266.643125 267.073125 0.8
sw2005B-ms98-a-0065 267.073125 267.213125 0.1
sw2005B-ms98-a-0065 267.213125 267.613125 0.7
sw2005B-ms98-a-0065 267.613125 267.887625 0.1
sw2005B-ms98-a-0065 267.887625 268.411250  0
sw2005B-ms98-a-0065 268.411250 268.495750 0.0
sw2005B-ms98-a-0065 268.495750 268.721750 0.0
sw2005B-ms98-a-0065 268.721750 268.964500  0
sw2005B-ms98-a-0065 268.964500 269.201875 0.1
sw2005B-ms98-a-0065 269.201875 269.345875  0
sw2005B-ms98-a-0065 269.345875 269.639625 0.1
sw2005B-ms98-a-0065 269.639625 269.863125 0.6
sw2005B-ms98-a-0065 269.863125 269.926625 0.1
sw2005B-ms98-a-0065 269.926625 270.005750  0
sw2005B-ms98-a-0065 270.005750 270.146125 0.15
sw2005B-ms98-a-0065 270.146125 270.288500 0.1
sw2005B-ms98-a-0065 270.288500 270.603125 0.6
sw2005B-ms98-a-0065 270.603125 270.903125 0.5
sw2005B-ms98-a-0065 270.903125 271.146250  0
sw2005B-ms98-a-0066 271.146250 271.666250  0
sw2005B-ms98-a-0066 271.666250 271.866250 0.1
sw2005B-ms98-a-0066 271.866250 272.196250 0.9
sw2005B-ms98-a-0066 272.196250 272.466250 0.8
sw2005B-ms98-a-0066 272.466250 272.796250 0.7
sw2005B-ms98-a-0066 272.796250 272.996250  0
sw2005B-ms98-a-0066 272.996250 273.146250 0.2
sw2005B-ms98-a-0066 273.146250 273.406250 0.6
sw2005B-ms98-a-0066 273.406250 273.546250 0.1
sw2005B-ms98-a-0066 273.546250 273.826375 0.1
sw2005B-ms98-a-0066 273.826375 274.093750  0
sw2005B-ms98-a-0066 274.093750 274.166250 0.0
sw2005B-ms98-a-0066 274.166250 274.316750 0.0
sw2005B-ms98-a-0066 274.316750 274.452250  0
sw2005B-ms98-a-0066 274.452250 274.816250 0.3
sw2005B-ms98-a-0066 274.816250 274.911625 0.1
sw2005B-ms98-a-0066 274.911625 275.088625 0.1
sw2005B-ms98-a-0066 275.088625 275.504250 0.6
sw2005B-ms98-a-0066 275.504250 275.587125 0.2
sw2005B-ms98-a-0066 275.587125 275.846250 0.2
sw2005B-ms98-a-0066 275.846250 275.956250 0.3
sw2005B-ms98-a-0066 275.956250 276.059750 0.2
sw2005B-ms98-a-0066 276.059750 276.157625  0
sw2005B-ms98-a-0066 276.157625 276.336250 0.1
sw2005B-ms98-a-0066 276.336250 276.518250 0.2
sw2005B-ms98-a-0066 276.518250 276.740500 0.8
sw2005B-ms98-a-0066 276.740500 277.056250 0.2
sw2005B-ms98-a-0066 277.056250 277.176250 0.1
sw2005B-ms98-a-0066 277.176250 277.456250 0.7
sw2005B-ms98-a-0066 277.456250 277.619125 0.1
sw2005B-ms98-a-0066 277.619125 277.690750 0.1
sw2005B-ms98-a-0066 277.690750 277.935125 0.0
sw2005B-ms98-a-0066 277.935125 278.753125  0
sw2005B-ms98-a-0066 278.753125 279.005500 0.2
sw2005B-ms98-a-0066 279.005500 279.126250 0.0
sw2005B-ms98-a-0066 279.126250 279.256250 0.5
sw2005B-ms98-a-0066 279.256250 279.396250 0.1
sw2005B-ms98-a-0066 279.396250 279.676250 0.1
sw2005B-ms98-a-0066 279.676250 279.896250 0.1
sw2005B-ms98-a-0066 279.896250 279.966250 0.0
sw2005B-ms98-a-0066 279.966250 280.316250 0.8
sw2005B-ms98-a-0066 280.316250 280.566250  0
sw2005B-ms98-a-0066 280.566250 280.816250 0.6
sw2005B-ms98-a-0066 280.816250 281.006250 0.7
sw2005B-ms98-a-0066 281.006250 281.076250 0.1
sw2005B-ms98-a-0066 281.076250 281.226250 0.1
sw2005B-ms98-a-0066 281.226250 281.696250  0
sw2005B-ms98-a-0066 281.696250 282.256250 0.6
sw2005B-ms98-a-0066 282.256250 282.507000 0.2
sw2005B-ms98-a-0066 282.507000 282.670000 0.2
sw2005B-ms98-a-0066 282.670000 282.961750  0
sw2005B-ms98-a-0067 282.961750 293.479750  0
sw2005B-ms98-a-0068 293.479750 293.734750  0
sw2005B-ms98-a-0068 293.734750 294.478875 0.1
sw2005B-ms98-a-0068 294.478875 295.699625  0
sw2005B-ms98-a-0068 295.699625 296.001875 0.0
sw2005B-ms98-a-0068 296.001875 296.485250  0
sw2005B-ms98-a-0069 296.485250 298.309250  0
sw2005B-ms98-a-0070 298.309250 298.849250  0
sw2005B-ms98-a-0070 298.849250 299.169250 0.0
sw2005B-ms98-a-0070 299.169250 299.508125  0
sw2005B-ms98-a-0071 299.508125 300.155250  0
sw2005B-ms98-a-0071 300.155250 300.439000 0.2
sw2005B-ms98-a-0071 300.439000 300.728125 0.4
sw2005B-ms98-a-0071 300.728125 301.489875  0
sw2005B-ms98-a-0072 301.489875 311.042875  0
sw2005B-ms98-a-0073 311.042875 311.432875  0
sw2005B-ms98-a-0073 311.432875 311.752875 0.1
sw2005B-ms98-a-0073 311.752875 311.966000  0
sw2005B-ms98-a-0074 311.966000 312.476000  0
sw2005B-ms98-a-0074 312.476000 312.764000 0.1
sw2005B-ms98-a-0074 312.764000 313.504125  0
sw2005B-ms98-a-0075 313.504125 316.326750  0
sw2005B-ms98-a-0076 316.326750 316.849000  0
sw2005B-ms98-a-0076 316.849000 317.244625 0.1
sw2005B-ms98-a-0076 317.244625 317.699625  0
sw2005B-ms98-a-0077 317.699625 321.725500  0
sw2005B-ms98-a-0078 321.725500 322.185500  0
sw2005B-ms98-a-0078 322.185500 322.531375 0.0
sw2005B-ms98-a-0078 322.531375 322.648500  0
sw2005B-ms98-a-0078 322.648500 322.834500 0.3
sw2005B-ms98-a-0078 322.834500 323.008250 0.1
sw2005B-ms98-a-0078 323.008250 323.405500 0.7
sw2005B-ms98-a-0078 323.405500 323.755125  0
sw2005B-ms98-a-0079 323.755125 324.698250  0
sw2005B-ms98-a-0080 324.698250 325.108250  0
sw2005B-ms98-a-0080 325.108250 325.544000 0.1
sw2005B-ms98-a-0080 325.544000 326.120125 0.6
sw2005B-ms98-a-0080 326.120125 326.522500  0
sw2005B-ms98-a-0081 326.522500 338.517875  0
sw2005B-ms98-a-0082 338.517875 339.100375  0
sw2005B-ms98-a-0082 339.100375 339.437625 0.1
sw2005B-ms98-a-0082 339.437625 339.997875  0
sw2005B-ms98-a-0083 339.997875 340.864125  0
sw2005B-ms98-a-0083 340.864125 341.204625 0.1
sw2005B-ms98-a-0083 341.204625 342.006625  0
sw2005B-ms98-a-0084 342.006625 342.630625  0
sw2005B-ms98-a-0084 342.630625 342.896500 0.2
sw2005B-ms98-a-0084 342.896500 343.492500  0
sw2005B-ms98-a-0085 343.492500 343.532500  0
sw2005B-ms98-a-0085 343.532500 344.002500 0.1
sw2005B-ms98-a-0085 344.002500 344.492250  0
sw2005B-ms98-a-0086 344.492250 347.493875  0
sw2005B-ms98-a-0087 347.493875 347.533875  0
sw2005B-ms98-a-0087 347.533875 348.413875 0.1
sw2005B-ms98-a-0087 348.413875 348.474250  0
sw2005B-ms98-a-0088 348.474250 348.781750  0
sw2005B-ms98-a-0088 348.781750 349.062625 0.3
sw2005B-ms98-a-0088 349.062625 349.336125  0
sw2005B-ms98-a-0088 349.336125 349.485000 0.1
sw2005B-ms98-a-0088 349.485000 349.613750 0.2
sw2005B-ms98-a-0088 349.613750 349.704250 0.3
sw2005B-ms98-a-0088 349.704250 350.142500 0.6
sw2005B-ms98-a-0088 350.142500 350.489250  0
sw2005B-ms98-a-0089 350.489250 355.727625  0
sw2005B-ms98-a-0090 355.727625 356.253000  0
sw2005B-ms98-a-0090 356.253000 356.493500 0.1
sw2005B-ms98-a-0090 356.493500 356.843875 0.3
sw2005B-ms98-a-0090 356.843875 357.890250  0
sw2005B-ms98-a-0091 357.890250 358.391750  0
sw2005B-ms98-a-0091 358.391750 358.567875 0.2
sw2005B-ms98-a-0091 358.567875 358.783500 0.2
sw2005B-ms98-a-0091 358.783500 359.017000  0
sw2005B-ms98-a-0091 359.017000 359.280250 0.1
sw2005B-ms98-a-0091 359.280250 359.923000  0
sw2005B-ms98-a-0092 359.923000 360.559125  0
sw2005B-ms98-a-0092 360.559125 360.758875 0.2
sw2005B-ms98-a-0092 360.758875 361.121000  0
sw2005B-ms98-a-0092 361.121000 361.275375 0.1
sw2005B-ms98-a-0092 361.275375 361.434750 0.1
sw2005B-ms98-a-0092 361.434750 361.540250 0.0
sw2005B-ms98-a-0092 361.540250 361.743000 0.4
sw2005B-ms98-a-0092 361.743000 362.173000 0.6
sw2005B-ms98-a-0092 362.173000 362.233000 0.1
sw2005B-ms98-a-0092 362.233000 362.503000 0.2
sw2005B-ms98-a-0092 362.503000 362.763000 0.6
sw2005B-ms98-a-0092 362.763000 363.304250 0.3
sw2005B-ms98-a-0092 363.304250 363.471750 0.1
sw2005B-ms98-a-0092 363.471750 363.821750 0.1
sw2005B-ms98-a-0092 363.821750 364.157000 0.6
sw2005B-ms98-a-0092 364.157000 364.283000 0.1
sw2005B-ms98-a-0092 364.283000 364.353000 0.0
sw2005B-ms98-a-0092 364.353000 364.673000 0.9
sw2005B-ms98-a-0092 364.673000 364.733000 0.0
sw2005B-ms98-a-0092 364.733000 364.839625 0.0
sw2005B-ms98-a-0092 364.839625 364.914875 0.1
sw2005B-ms98-a-0092 364.914875 365.364000 0.2
sw2005B-ms98-a-0092 365.364000 365.613500 0.1
sw2005B-ms98-a-0092 365.613500 365.896000 0.0
sw2005B-ms98-a-0092 365.896000 366.133000 0.4
sw2005B-ms98-a-0092 366.133000 366.363000 0.3
sw2005B-ms98-a-0092 366.363000 366.473000 0.2
sw2005B-ms98-a-0092 366.473000 366.823000 0.7
sw2005B-ms98-a-0092 366.823000 366.883000 0.3
sw2005B-ms98-a-0092 366.883000 367.725500  0
sw2005B-ms98-a-0092 367.725500 368.004125 0.7
sw2005B-ms98-a-0092 368.004125 368.068375 0.1
sw2005B-ms98-a-0092 368.068375 368.185125 0.1
sw2005B-ms98-a-0092 368.185125 368.494875 0.1
sw2005B-ms98-a-0092 368.494875 368.630375  0
sw2005B-ms98-a-0092 368.630375 369.066500 0.8
sw2005B-ms98-a-0092 369.066500 369.163250 0.1
sw2005B-ms98-a-0092 369.163250 369.357875 0.4
sw2005B-ms98-a-0092 369.357875 369.666750 0.7
sw2005B-ms98-a-0092 369.666750 369.900500  0
sw2005B-ms98-a-0092 369.900500 370.006750 0.0
sw2005B-ms98-a-0092 370.006750 370.118000 0.0
sw2005B-ms98-a-0092 370.118000 370.594500  0
sw2005B-ms98-a-0093 370.594500 380.586625  0
sw2005B-ms98-a-0094 380.586625 381.183125  0
sw2005B-ms98-a-0094 381.183125 381.748125 0.1
sw2005B-ms98-a-0094 381.748125 381.874250  0
sw2005B-ms98-a-0095 381.874250 384.320750  0
sw2005B-ms98-a-0096 384.320750 384.752625  0
sw2005B-ms98-a-0096 384.752625 385.042625 0.1
sw2005B-ms98-a-0096 385.042625 385.294000  0
sw2005B-ms98-a-0096 385.294000 385.402375 0.4
sw2005B-ms98-a-0096 385.402375 385.610750 0.4
sw2005B-ms98-a-0096 385.610750 385.987375  0
sw2005B-ms98-a-0097 385.987375 389.986875  0
sw2005B-ms98-a-0098 389.986875 390.616875  0
sw2005B-ms98-a-0098 390.616875 390.876875 0.1
sw2005B-ms98-a-0098 390.876875 391.494125  0
sw2005B-ms98-a-0099 391.494125 394.004250  0
sw2005B-ms98-a-0100 394.004250 394.435375  0
sw2005B-ms98-a-0100 394.435375 394.769375 0.1
sw2005B-ms98-a-0100 394.769375 395.446875  0
sw2005B-ms98-a-0100 395.446875 395.820375 0.0
sw2005B-ms98-a-0100 395.820375 395.999625  0
sw2005B-ms98-a-0101 395.999625 397.004875  0
sw2005B-ms98-a-0102 397.004875 397.349875  0
sw2005B-ms98-a-0102 397.349875 397.550250 0.1
sw2005B-ms98-a-0102 397.550250 398.004875 0.3
sw2005B-ms98-a-0102 398.004875 398.275125  0
sw2005B-ms98-a-0103 398.275125 400.271875  0
sw2005B-ms98-a-0104 400.271875 400.677875  0
sw2005B-ms98-a-0104 400.677875 400.966000 0.1
sw2005B-ms98-a-0104 400.966000 401.212500  0
sw2005B-ms98-a-0104 401.212500 401.711875 0.5
sw2005B-ms98-a-0104 401.711875 401.896500  0
sw2005B-ms98-a-0104 401.896500 402.019375 0.2
sw2005B-ms98-a-0104 402.019375 402.275000 0.8
sw2005B-ms98-a-0104 402.275000 402.377875 0.2
sw2005B-ms98-a-0104 402.377875 402.765625 0.8
sw2005B-ms98-a-0104 402.765625 402.863500 0.2
sw2005B-ms98-a-0104 402.863500 403.251875 0.8
sw2005B-ms98-a-0104 403.251875 403.321000  0
sw2005B-ms98-a-0104 403.321000 403.447500 0.1
sw2005B-ms98-a-0104 403.447500 403.681000 0.1
sw2005B-ms98-a-0104 403.681000 404.234000 0.7
sw2005B-ms98-a-0104 404.234000 404.732375  0
sw2005B-ms98-a-0105 404.732375 412.998250  0
sw2005B-ms98-a-0106 412.998250 413.666250  0
sw2005B-ms98-a-0106 413.666250 414.012375 0.1
sw2005B-ms98-a-0106 414.012375 414.292750  0
sw2005B-ms98-a-0107 414.292750 422.173750  0
sw2005B-ms98-a-0108 422.173750 423.783750  0
sw2005B-ms98-a-0108 423.783750 423.983750 0.1
sw2005B-ms98-a-0108 423.983750 424.113750 0.1
sw2005B-ms98-a-0108 424.113750 424.359000  0
sw2005B-ms98-a-0108 424.359000 424.577375 0.2
sw2005B-ms98-a-0108 424.577375 424.893750 0.3
sw2005B-ms98-a-0108 424.893750 425.043750 0.3
sw2005B-ms98-a-0108 425.043750 425.663750 0.9
sw2005B-ms98-a-0108 425.663750 425.933750 0.1
sw2005B-ms98-a-0108 425.933750 426.533750  0
sw2005B-ms98-a-0108 426.533750 426.713750 0.1
sw2005B-ms98-a-0108 426.713750 426.903750 0.1
sw2005B-ms98-a-0108 426.903750 427.213750 0.3
sw2005B-ms98-a-0108 427.213750 427.303750 0.3
sw2005B-ms98-a-0108 427.303750 427.863750 0.9
sw2005B-ms98-a-0108 427.863750 427.953750 0.1
sw2005B-ms98-a-0108 427.953750 428.193750 0.8
sw2005B-ms98-a-0108 428.193750 428.691375 0.3
sw2005B-ms98-a-0108 428.691375 428.883500 0.4
sw2005B-ms98-a-0108 428.883500 428.980500 0.2
sw2005B-ms98-a-0108 428.980500 429.067125 0.0
sw2005B-ms98-a-0108 429.067125 429.213750 0.7
sw2005B-ms98-a-0108 429.213750 429.493750 0.7
sw2005B-ms98-a-0108 429.493750 429.754000 0.8
sw2005B-ms98-a-0108 429.754000 430.491375  0
sw2005B-ms98-a-0109 430.491375 450.472750  0
sw2005B-ms98-a-0110 450.472750 451.037250  0
sw2005B-ms98-a-0110 451.037250 451.411750 0.1
sw2005B-ms98-a-0110 451.411750 452.002125  0
sw2005B-ms98-a-0111 452.002125 456.982250  0
sw2005B-ms98-a-0112 456.982250 457.661125  0
sw2005B-ms98-a-0112 457.661125 457.819625 0.1
sw2005B-ms98-a-0112 457.819625 458.012000 0.1
sw2005B-ms98-a-0112 458.012000 458.121250  0
sw2005B-ms98-a-0112 458.121250 458.352250 0.1
sw2005B-ms98-a-0112 458.352250 458.777875  0
sw2005B-ms98-a-0112 458.777875 459.339125 0.5
sw2005B-ms98-a-0112 459.339125 459.412250 0.1
sw2005B-ms98-a-0112 459.412250 459.618125 0.1
sw2005B-ms98-a-0112 459.618125 459.800000 0.1
sw2005B-ms98-a-0112 459.800000 460.490250  0
sw2005B-ms98-a-0113 460.490250 466.457000  0
sw2005B-ms98-a-0114 466.457000 467.105125  0
sw2005B-ms98-a-0114 467.105125 467.558500 0.1
sw2005B-ms98-a-0114 467.558500 468.000250  0
sw2005B-ms98-a-0115 468.000250 470.979250  0
sw2005B-ms98-a-0116 470.979250 471.593625  0
sw2005B-ms98-a-0116 471.593625 471.729125 0.1
sw2005B-ms98-a-0116 471.729125 471.819250 0.2
sw2005B-ms98-a-0116 471.819250 472.129250 0.5
sw2005B-ms98-a-0116 472.129250 472.460250 0.7
sw2005B-ms98-a-0116 472.460250 472.634625 0.1
sw2005B-ms98-a-0116 472.634625 472.994625  0
sw2005B-ms98-a-0117 472.994625 474.546375  0
sw2005B-ms98-a-0118 474.546375 475.029000  0
sw2005B-ms98-a-0118 475.029000 475.296375 0.1
sw2005B-ms98-a-0118 475.296375 475.749625  0
sw2005B-ms98-a-0119 475.749625 478.988250  0
sw2005B-ms98-a-0120 478.988250 479.848250  0
sw2005B-ms98-a-0120 479.848250 480.098250 0.1
sw2005B-ms98-a-0120 480.098250 480.298250 0.2
sw2005B-ms98-a-0120 480.298250 480.459375 0.1
sw2005B-ms98-a-0120 480.459375 480.538500 0.0
sw2005B-ms98-a-0120 480.538500 480.688250 0.5
sw2005B-ms98-a-0120 480.688250 480.835875 0.1
sw2005B-ms98-a-0120 480.835875 481.280375 0.6
sw2005B-ms98-a-0120 481.280375 481.736750 0.7
sw2005B-ms98-a-0120 481.736750 481.869250 0.0
sw2005B-ms98-a-0120 481.869250 482.155500 0.0
sw2005B-ms98-a-0120 482.155500 482.858250  0
sw2005B-ms98-a-0120 482.858250 482.978250 0.2
sw2005B-ms98-a-0120 482.978250 483.196250 0.1
sw2005B-ms98-a-0120 483.196250 483.512875 0.6
sw2005B-ms98-a-0120 483.512875 483.823500 0.2
sw2005B-ms98-a-0120 483.823500 484.266750  0
sw2005B-ms98-a-0121 484.266750 484.923750  0
sw2005B-ms98-a-0121 484.923750 485.062125 0.1
sw2005B-ms98-a-0121 485.062125 485.184875 0.1
sw2005B-ms98-a-0121 485.184875 485.314625 0.2
sw2005B-ms98-a-0121 485.314625 485.556750 0.3
sw2005B-ms98-a-0121 485.556750 485.989500  0
sw2005B-ms98-a-0122 485.989500 489.478875  0
sw2005B-ms98-a-0123 489.478875 489.934375  0
sw2005B-ms98-a-0123 489.934375 490.253000 0.1
sw2005B-ms98-a-0123 490.253000 490.565625  0
sw2005B-ms98-a-0123 490.565625 490.718500 0.1
sw2005B-ms98-a-0123 490.718500 490.855875 0.5
sw2005B-ms98-a-0123 490.855875 491.172250 0.6
sw2005B-ms98-a-0123 491.172250 491.246750 0.0
sw2005B-ms98-a-0123 491.246750 491.371125 0.1
sw2005B-ms98-a-0123 491.371125 492.046625  0
sw2005B-ms98-a-0123 492.046625 492.277750 0.1
sw2005B-ms98-a-0123 492.277750 492.895500  0
sw2005B-ms98-a-0123 492.895500 493.038875 0.3
sw2005B-ms98-a-0123 493.038875 493.258250 0.6
sw2005B-ms98-a-0123 493.258250 493.858625  0
sw2005B-ms98-a-0123 493.858625 494.135125 0.6
sw2005B-ms98-a-0123 494.135125 494.734375 0
sw2005B-ms98-a-0124 494.734375 496.802125 0
sw2005B-ms98-a-0124 496.802125 497.063500 0
sw2005B-ms98-a-0124 497.063500 498.816125 0
