sw2005A-ms98-a-0001 0.000000 11.287375 0.0 0.0 0.2 0.0 0.1 0.4 0.0 0.5 0.0 0.3 0.0 0.1 0.1 0.5 0.2 0.0 0.2 0.6 0.0 0.0 0.7 0.0 0.8 0.6 0.0 0.0 0.9 0.8
sw2005A-ms98-a-0002 11.287375 20.980875 0
sw2005A-ms98-a-0003 20.980875 22.967750 0.5 0.1
sw2005A-ms98-a-0004 22.967750 31.236750 0
sw2005A-ms98-a-0005 31.236750 32.954250 0.2
sw2005A-ms98-a-0006 32.954250 44.481250 0
sw2005A-ms98-a-0007 44.481250 46.442250 0.3
sw2005A-ms98-a-0008 46.442250 77.444750 0
sw2005A-ms98-a-0009 77.444750 78.996375 0.2
sw2005A-ms98-a-0010 78.996375 85.984375 0
sw2005A-ms98-a-0011 85.984375 87.465875 0.3
sw2005A-ms98-a-0012 87.465875 97.971250 0
sw2005A-ms98-a-0013 97.971250 112.239500 0.0 0.0 0.3 0.0 0.7 0.4 0.1 0.0 0.2 0.8 0.0 0.2 0.8 0.1 0.1 0.0 0.1 0.7 0.1 0.9 0.8 0.2 0.0 0.1 0.1 0.6 0.0 0.8 0.1 0.0 0.3 0.5 0.1 0.3 0.9 0.1 0.9 0.8 0.1 0.0
sw2005A-ms98-a-0014 112.239500 125.702000 0.1 0.3 0.0 0.6 0.2 0.0 0.4 0.0 0.1 0.3 0.0 1.0 0.8 0.2 0.1 0.3 0.1 0.1 0.1 0.1 0.2 0.8 0.7 0.7 0.1 0.1 0.8 0.1 0.1 0.1 0.7 0.1 0.0 0.8 0.2 0.0
sw2005A-ms98-a-0015 125.702000 131.506500 0.1 0.1 0.0 0.5 0.1 0.4 0.1 0.1 0.0 0.0 0.1 0.1 0.0 0.0 0.6 0.1
sw2005A-ms98-a-0016 131.506500 145.243375 0.6 0.1 0.8 0.2 0.1 0.1 0.1 0.6 0.1 0.2 0.3 0.1 0.1 0.1 0.1 0.2 0.0 0.7 0.0 0.0 0.1 0.8 0.1 0.1 0.1 0.1 0.8 0.3 0.4 0.0 1.0 1.0 0.2 0.0 0.0 0.1 0.6 0.9 0.8 0.5 0.1 0.0 0.7 0.1 0.6 0.1 0.8
sw2005A-ms98-a-0017 145.243375 155.860750 0.2 0.0 0.1 0.1 0.1 0.8 0.3 0.3 0.1 0.4 0.3 0.1 0.1 0.5 0.1 0.0 0.8 0.1 0.0 0.0 0.6 0.1 0.7 0.1 0.1 0.6 0.6 0.1 0.8
sw2005A-ms98-a-0018 155.860750 160.676750 0.0 0.0 0.0 0.1 0.6 0.3 0.1 0.0 0.0 0.1 0.4 0.1 0.3 0.8 0.1 0.0 0.0
sw2005A-ms98-a-0019 160.676750 173.970875 0.7 0.1 0.6 0.1 0.0 0.8 0.2 0.1 0.8 0.8 0.2 0.0 0.8 0.7 0.6 0.3 0.1 0.8 0.1 0.6 0.1 0.0 0.9 0.8 0.2 0.0 0.0 0.6 0.2 0.6 0.1 0.2 0.5 0.0 0.7 0.1 0.1
sw2005A-ms98-a-0020 173.970875 185.294250 0.0 0.0 0.3 0.0 0.3 0.0 0.2 0.5 0.1 0.0 0.6 0.7 0.1 0.6 0.1 0.1 0.3 0.6 0.2 0.3 0.8 0.1 0.4 0.3 0.2 0.6 0.8 0.4 0.1 0.6
sw2005A-ms98-a-0021 185.294250 197.980250 0.1 0.2 0.5 0.2 0.1 0.1 0.1 0.2 0.0 0.2 0.0 0.4 0.5 0.1 0.0 0.4 0.0 0.8 0.1 0.8 0.6 0.7 0.2 0.1 0.1 0.2 0.0 0.8 0.2 0.0 0.0 0.1 0.1 0.0 0.1 0.1 0.2 0.3 0.1 0.0 0.3 0.6 0.5 0.1 0.1 0.8
sw2005A-ms98-a-0022 197.980250 208.998750 0.5 0.5 0.6 0.1 0.7 0.1 0.2 0.0 0.0 0.0 0.8 0.3 0.6 0.2 0.0 0.7 0.3 0.1 0.6 0.1 0.2 0.2 0.0 0.0 0.6 0.1 0.7 0.2 0.2
sw2005A-ms98-a-0023 208.998750 221.283375 0.7 0.0 0.7 0.2 0.5 0.1 0.8 0.0 0.7 0.0 0.0 0.4 0.1 0.2 0.1 0.0 0.0 0.7 0.85 0.3 0.3 0.1 0.1 0.1 0.7 0.6 0.3 0.0 0.0 0.2 0.1 0.0 0.6 0.6 0.0 0.0 0.0 0.6 0.0 0.0 0.4 0.9 0.8
sw2005A-ms98-a-0024 221.283375 235.435250 0.2 0.1 0.1 0.3 0.2 0.2 0.0 0.2 0.1 0.0 0.1 0.1 0.2 0.1 0.6 0.1 0.6 0.1 0.1 0.0 0.0 0.1 0.1 0.1 0.0 0.0 0.0 0.0 0.5 0.1 0.0 0.3 0.7 0.1 0.1 0.3 0.1 0.1 0.2 0.0 0.4 0.1 0.1 0.7 0.2 0.1 0.3 0.2 0.1 0.1 0.2
sw2005A-ms98-a-0025 235.435250 242.472625 0
sw2005A-ms98-a-0026 242.472625 246.486000 0.3 0.0 0.0 0.1 0.0 0.0
sw2005A-ms98-a-0027 246.486000 249.727500 0
sw2005A-ms98-a-0028 249.727500 250.677875 0.0
sw2005A-ms98-a-0029 250.677875 260.453000 0
sw2005A-ms98-a-0030 260.453000 261.729375 0.1
sw2005A-ms98-a-0031 261.729375 270.686000 0
sw2005A-ms98-a-0032 270.686000 272.209375 0.1
sw2005A-ms98-a-0033 272.209375 282.600750 0
sw2005A-ms98-a-0034 282.600750 290.144375 0.1 0.0 0.0 0.2 0.1 0.2 0.1 0.8 0.1 0.2 0.1 0.1 0.1 0.1 0.1 0.1 0.0 0.1 0.3 0.2 0.7 0.2 0.0 0.7 0.2
sw2005A-ms98-a-0035 290.144375 290.222625 0
sw2005A-ms98-a-0036 290.222625 300.616125 0.3 0.1 0.3 0.1 0.7 0.2 0.2 0.9 0.5 0.2 0.8 0.2 0.4 0.5 0.2 0.8 0.5 0.2 0.7 0.2 0.2 0.2 0.2 0.0 0.4 0.8 0.5 0.2 0.7 0.2 0.4
sw2005A-ms98-a-0037 300.616125 307.412625 0.0 0.1 0.3 0.1 0.4 0.1 0.7 0.6 0.1 0.1 0.3 0.3 0.3 0.0 0.7
sw2005A-ms98-a-0038 307.412625 312.840875 0.0 0.1 0.0 0.0 0.2 0.1 0.2 0.1 0.1 0.1 0.2 0.2 0.0 0.7 0.2 0.3
sw2005A-ms98-a-0039 312.840875 325.431625 0.2 0.0 0.0 0.0 0.2 0.1 0.1 0.4 0.1 0.1 0.4 0.5 0.0 0.0 0.1 0.0 0.7 0.1 0.7 0.4 0.4 0.1 0.2 0.3 0.2 0.2 0.6 0.1 0.1 0.3 0.1 0.2 0.8 0.7 0.1 0.0 1.0 0.2 0.4 0.2 0.1 0.3 0.1 0.2 0.1 0.2 0.5 0.7
sw2005A-ms98-a-0040 325.431625 327.477375 0.2 0.0
sw2005A-ms98-a-0041 327.477375 334.179125 0.1 0.0 0.2 0.1 0.1 0.1 0.15 0.3 0.15 0.1 0.1 0.1 0.2 0.1 0.2 0.6 0.1 0.2 0.1 0.0 0.3
sw2005A-ms98-a-0042 334.179125 344.231750 0.1 0.8 0.4 0.0 0.0 0.2 0.0 0.5 0.2 0.3 0.4 0.0 0.5 0.2 0.3 0.1 0.0 0.7 0.1 0.7 0.1 0.1 0.3
sw2005A-ms98-a-0043 344.231750 354.645250 0.1 0.2 0.4 0.1 0.0 0.6 0.1 0.1 0.5 0.0 0.85 0.8 0.2 0.3 0.1 0.0 0.1 0.1 0.1 0.1 0.1 0.0 0.0 0.1 0.3 0.1 0.0 0.1 0.1 0.1 0.3 0.0 0.0
sw2005A-ms98-a-0044 354.645250 360.983875 0.15 0.5 0.2 0.7 0.3 0.1 0.1 0.5 0.6 0.1 0.1 0.0 0.0 0.9 0.8 0.3 0.0 0.1 0.0 0.0 0.4 0.7
sw2005A-ms98-a-0045 360.983875 365.248000 0
sw2005A-ms98-a-0046 365.248000 366.848625 0.1
sw2005A-ms98-a-0047 366.848625 367.976625 0.0
sw2005A-ms98-a-0048 367.976625 369.276875 0
sw2005A-ms98-a-0049 369.276875 375.336875 0.0 0.0 0.0 0.1 0.0 0.7 0.1 0.0 0.1 0.3 0.1 0.0 0.8 0.2 0.0 1.0 1.0 0.1 0.6 0.2
sw2005A-ms98-a-0050 375.336875 381.310750 0.0 0.0 0.0 0.2 0.1 0.1 0.6 0.2 0.8 0.2 0.1 0.4 0.2 0.7 0.8 0.3 0.1 0.0 0.7 0.8
sw2005A-ms98-a-0051 381.310750 390.784625 0.0 0.3 0.3 0.1 0.6 0.1 0.0 1.0 1.0 0.1 0.3 0.0 0.2 0.7 0.8 0.1 0.8 0.2 0.1 0.1 0.1 0.1 0.2 0.2 0.8 0.2 0.5 0.1 0.5 0.5 0.1 0.0 0.8 0.7
sw2005A-ms98-a-0052 390.784625 401.230250 0.1 0.0 0.8 0.1 0.0 0.0 0.6 0.7 0.0 0.6 0.1 0.0 0.7 0.8 0.3 0.1 0.3 0.1 0.2 0.1 0.5 0.2 0.1 0.5 0.1 0.6 0.4 0.3 0.0 0.7
sw2005A-ms98-a-0053 401.230250 402.708375 0.0
sw2005A-ms98-a-0054 402.708375 403.954250 0
sw2005A-ms98-a-0055 403.954250 408.492250 0.2 0.0 0.1 0.0 0.0 0.6 0.1 0.4 0.0 0.0 0.7 0.8
sw2005A-ms98-a-0056 408.492250 417.430750 0.0 0.0 0.1 0.0 0.1 0.3 0.1 0.3 0.1 0.0 0.7 0.0 0.0 0.4 0.1 0.6 0.2 0.0 0.0 0.8 0.8 0.0 0.0 0.0 0.0 0.1 0.2 0.1 0.1 0.5 0.3 0.5 0.0 0.0 0.4 0.2 0.4
sw2005A-ms98-a-0057 417.430750 426.950750 0.3 0.1 0.0 0.8 0.2 0.1 0.4 0.2 0.3 0.1 0.0 0.5 0 0.2 0.3 0.1 0.0 0.5 0.7 0.1 0.2 0.8 0.2 0.0 0.0 0.2 0.6 0.2 0.2 0.2
sw2005A-ms98-a-0058 426.950750 429.434375 0
sw2005A-ms98-a-0059 429.434375 439.727125 0.1 0.3 0.0 0.1 0.0 0.0 0.4 0.1 0.0 0.0 0.0 0.0 0.2 0.4 0.0 0.0 0.0 0.1 0.0 0.1 0.0 0.0 0.5 0.1 0.7 0.8 0.3 0.0 0.3 0.3 0.0 0.7
sw2005A-ms98-a-0060 439.727125 446.447875 0.5 0.2 0.2 0.1 0.0 0.7 0.8 0.2 0.1 0.2 0.0 0.1 0.0 0.0 0.0 0.3 0.1 0.0 0.0 0.0 0.2
sw2005A-ms98-a-0061 446.447875 454.484750 0.0 0.0 0.1 0.3 0.5 0.0 0.0 0.3 0.5 0.0 0.0 0.8 0.8 0.2 0.0 0.2 0.3 0.0 0.0 0.6 0.1 0.0 0.0 0.0 0.0 0.0 0.1
sw2005A-ms98-a-0062 454.484750 463.984750 0.8 0.5 0.1 0.1 0.5 0.7 0.1 0.0 0.8 0.1 0.0 0.0 0.0 0.0 0.0 0.3 0.5 0.1 0.6 0.2 0.1 0.0 0.0 0.0 0.0 0.1 0.1 0.6 0.7 0.0 0.0 0.1 0.2 0.1
sw2005A-ms98-a-0063 463.984750 475.969875 0.0 0.0 0.2 0.1 0.1 0.5 0.9 0.1 0.0 0.6 0.7 0.1 0.2 0.1 0.2 0.5 0.0 0.7 0.0 0.2 0.2 0.0 0.5 0.0 0.0 0 0.0 0.0 0.1 0.2 0.7 0.1 0.2 0.8 0.2 0.1 0 0.5 0.0 0.8 0.1 0.8 0.2
sw2005A-ms98-a-0064 475.969875 480.243000 0.0 0.7 0.2 0.2 0.1 0.0 0.7 0.6 0.1 0.7
sw2005A-ms98-a-0065 480.243000 481.746750 0
sw2005A-ms98-a-0066 481.746750 483.486625 0.1 0.0
sw2005A-ms98-a-0067 483.486625 484.843250 0.0
sw2005A-ms98-a-0068 484.843250 485.521500 0
sw2005A-ms98-a-0069 485.521500 487.842375 0.0 0.0
sw2005A-ms98-a-0070 487.842375 490.532250 0.0 0.0 0.1 0.2 0.2 0
sw2005A-ms98-a-0071 490.532250 491.049625 0
sw2005A-ms98-a-0072 491.049625 494.768375 0.2 0.1 0.3 0.1 0.6
sw2005A-ms98-a-0073 494.768375 498.816125 0
